 &plot nbnd=   6, nks= 105 /
            0.000000  0.000000  0.000000
   -0.0000   -0.0000    0.0000  873.2269 1540.3500 1540.3500
            0.012500  0.007217  0.000000
   -0.4039   27.3494   42.7879  873.1114 1540.7132 1542.1862
            0.025000  0.014434  0.000000
    1.1970   54.5413   85.3967  872.7642 1541.6823 1547.4206
            0.037500  0.021651  0.000000
    3.3109   81.4414  127.6822  872.1838 1542.9255 1555.2912
            0.050000  0.028868  0.000000
    6.2030  107.9577  169.5607  871.3674 1543.9815 1564.7128
            0.062500  0.036084  0.000000
    9.8817  134.0486  211.0175  870.3109 1544.3685 1574.4953
            0.075000  0.043301  0.000000
   14.3372  159.7171  252.0965  869.0096 1543.6907 1583.5613
            0.087500  0.050518  0.000000
   19.5604  184.9916  292.8741  867.4573 1541.7164 1591.1114
            0.100000  0.057735  0.000000
   25.5469  209.8977  333.4242  865.6468 1538.4109 1596.7113
            0.112500  0.064952  0.000000
   32.2969  234.4340  373.7878  863.5700 1533.9200 1600.2933
            0.125000  0.072169  0.000000
   39.8148  258.5586  413.9537  861.2173 1528.5148 1602.0856
            0.137500  0.079386  0.000000
   48.1064  282.1934  453.8583  858.5779 1522.5135 1602.4946
            0.150000  0.086603  0.000000
   57.1766  305.2410  493.4002  855.6394 1516.2062 1601.9729
            0.162500  0.093819  0.000000
   67.0266  327.6076  532.4660  852.3881 1509.7988 1600.9043
            0.175000  0.101036  0.000000
   77.6524  349.2216  570.9559  848.8083 1503.3927 1599.5289
            0.187500  0.108253  0.000000
   89.0436  370.0428  608.8034  844.8825 1496.9980 1597.9212
            0.200000  0.115470  0.000000
  101.1840  390.0597  645.9823  840.5919 1490.5717 1596.0153
            0.212500  0.122687  0.000000
  114.0517  409.2793  682.5013  835.9158 1484.0642 1593.6607
            0.225000  0.129904  0.000000
  127.6212  427.7123  718.3891  830.8325 1477.4567 1590.6875
            0.237500  0.137121  0.000000
  141.8633  445.3611  753.6752  825.3194 1470.7790 1586.9602
            0.250000  0.144338  0.000000
  156.7469  462.2135  788.3741  819.3534 1464.1040 1582.4070
            0.262500  0.151554  0.000000
  172.2383  478.2445  812.9114  822.4772 1457.5263 1577.0222
            0.275000  0.158771  0.000000
  188.3011  493.4252  805.9709  855.9544 1451.1337 1570.8468
            0.287500  0.165988  0.000000
  204.8954  507.7325  798.5107  888.7642 1444.9859 1563.9391
            0.300000  0.173205  0.000000
  221.9766  521.1570  790.5120  920.8663 1439.1059 1556.3469
            0.312500  0.180422  0.000000
  239.4944  533.7045  781.9591  952.2338 1433.4884 1548.0904
            0.325000  0.187639  0.000000
  257.3920  545.3917  772.8412  982.8582 1428.1180 1539.1594
            0.337500  0.194856  0.000000
  275.6050  556.2380  763.1546 1012.7480 1422.9891 1529.5226
            0.350000  0.202073  0.000000
  294.0605  566.2575  752.9043 1041.9211 1418.1189 1519.1426
            0.362500  0.209289  0.000000
  312.6751  575.4556  742.1079 1070.3941 1413.5472 1507.9910
            0.375000  0.216506  0.000000
  331.3524  583.8291  730.7989 1098.1738 1409.3257 1496.0558
            0.387500  0.223723  0.000000
  349.9787  591.3718  719.0327 1125.2523 1405.5007 1483.3427
            0.400000  0.230940  0.000000
  368.4155  598.0807  706.8935 1151.6091 1402.0980 1469.8682
            0.412500  0.238157  0.000000
  386.4884  603.9607  694.5060 1177.2173 1399.1178 1455.6507
            0.425000  0.245374  0.000000
  403.9701  609.0250  682.0530 1202.0518 1396.5393 1440.7027
            0.437500  0.252591  0.000000
  420.5530  613.2912  669.8013 1226.0950 1394.3359 1425.0285
            0.450000  0.259808  0.000000
  435.8113  616.7755  658.1407 1249.3381 1392.4905 1408.6274
            0.462500  0.267024  0.000000
  449.1519  619.4879  647.6332 1271.7730 1391.0063 1391.5041
            0.475000  0.274241  0.000000
  459.7789  621.4306  639.0493 1293.3667 1373.6955 1389.9072
            0.487500  0.281458  0.000000
  466.7429  622.5999  633.3191 1313.9150 1355.4133 1389.2274
            0.500000  0.288675  0.000000
  469.1846  622.9904  631.2900 1329.0226 1341.0602 1388.9970
            0.506944  0.276647  0.000000
  469.1665  624.4919  631.1413 1328.5725 1340.6535 1389.0729
            0.513889  0.264619  0.000000
  469.1153  628.9464  630.6953 1327.2215 1339.5066 1389.1792
            0.520833  0.252591  0.000000
  469.0399  629.9520  636.2143 1324.9695 1337.7831 1389.0274
            0.527778  0.240563  0.000000
  468.9555  628.9114  646.0920 1321.8201 1335.6289 1388.3207
            0.534722  0.228534  0.000000
  468.8830  627.5726  658.3451 1317.7861 1333.1077 1386.8857
            0.541667  0.216506  0.000000
  468.8490  625.9335  672.7376 1312.8946 1330.2060 1384.7259
            0.548611  0.204478  0.000000
  468.8860  623.9901  689.0475 1307.1908 1326.8760 1382.0080
            0.555556  0.192450  0.000000
  469.0321  621.7364  707.0686 1300.7391 1323.0737 1379.0056
            0.562500  0.180422  0.000000
  469.3313  619.1646  726.5976 1293.6220 1318.7737 1376.0197
            0.569444  0.168394  0.000000
  469.8331  616.2645  747.4170 1285.9358 1313.9677 1373.2818
            0.576389  0.156366  0.000000
  470.5927  613.0239  769.2790 1277.7856 1308.6718 1370.8456
            0.583333  0.144338  0.000000
  471.6704  609.4293  791.8991 1269.2802 1302.9428 1368.4981
            0.590278  0.132309  0.000000
  473.1312  605.4652  814.9599 1260.5298 1296.8790 1365.7435
            0.597222  0.120281  0.000000
  475.0434  601.1150  838.1254 1251.6482 1290.5908 1361.8878
            0.604167  0.108253  0.000000
  477.4771  596.3604  861.0574 1242.7611 1284.1558 1356.2024
            0.611111  0.096225  0.000000
  480.5018  591.1815  883.4265 1234.0216 1277.5884 1348.1171
            0.618056  0.084197  0.000000
  484.1841  585.5572  904.9094 1225.6342 1270.8373 1337.3962
            0.625000  0.072169  0.000000
  488.5841  579.4648  925.1668 1217.8855 1263.8118 1324.2599
            0.631944  0.060141  0.000000
  493.7524  572.8811  943.8019 1211.1790 1256.4251 1309.4269
            0.638889  0.048113  0.000000
  499.7269  565.7831  960.3140 1206.0606 1248.6426 1294.0599
            0.645833  0.036084  0.000000
  506.5302  558.1490  974.0786 1203.2099 1240.5091 1279.6207
            0.652778  0.024056  0.000000
  514.1671  549.9603  984.4076 1203.3481 1232.1100 1267.6833
            0.659722  0.012028  0.000000
  522.6240  541.2029  990.7276 1207.0375 1223.4495 1259.7565
            0.666667  0.000000  0.000000
  531.8687  531.8687  992.8086 1214.4422 1214.4422 1256.9837
            0.650000  0.000000  0.000000
  519.9060  543.9311  990.0481 1203.2170 1227.7310 1260.8822
            0.633333  0.000000  0.000000
  507.1262  556.9401  982.5029 1191.7670 1244.6403 1271.5883
            0.616667  0.000000  0.000000
  493.5593  570.7552  971.3196 1180.2209 1263.7974 1286.8044
            0.600000  0.000000  0.000000
  479.2500  585.2190  957.4572 1168.4979 1284.1038 1303.7315
            0.583333  0.000000  0.000000
  464.2537  600.1652  941.5993 1156.3673 1304.8620 1319.7709
            0.566667  0.000000  0.000000
  448.6322  615.4269  924.1983 1143.5293 1325.7223 1333.0866
            0.550000  0.000000  0.000000
  432.4498  630.8435  905.5479 1129.6855 1342.9069 1346.5558
            0.533333  0.000000  0.000000
  415.7698  646.2651  885.8435 1114.5973 1349.5194 1367.3127
            0.516667  0.000000  0.000000
  398.6529  661.5566  865.2243 1098.1344 1353.9935 1387.9054
            0.500000  0.000000  0.000000
  381.1568  676.5991  843.7977 1080.3064 1357.7248 1408.1440
            0.483333  0.000000  0.000000
  363.3373  691.2903  821.6512 1061.2540 1361.9566 1427.7408
            0.466667  0.000000  0.000000
  345.2505  705.5442  798.8552 1041.1788 1367.4384 1446.3717
            0.450000  0.000000  0.000000
  326.9541  719.2899  775.4643 1020.2321 1374.3207 1463.7698
            0.433333  0.000000  0.000000
  308.5097  732.4704  751.5180  998.4225 1382.2729 1479.8083
            0.416667  0.000000  0.000000
  289.9828  727.0449  745.0409  975.5954 1390.7332 1494.5401
            0.400000  0.000000  0.000000
  271.4423  702.0678  756.9678  951.4891 1399.1767 1508.1717
            0.383333  0.000000  0.000000
  252.9603  676.6089  768.2279  925.8327 1407.3075 1520.9787
            0.366667  0.000000  0.000000
  234.6106  650.6930  778.8074  898.4437 1415.1217 1533.1877
            0.350000  0.000000  0.000000
  216.4683  624.3477  788.7012  869.2913 1422.8382 1544.8709
            0.333333  0.000000  0.000000
  198.6097  597.6013  797.9122  838.5083 1430.7467 1555.8944
            0.316667  0.000000  0.000000
  181.1121  570.4785  806.3434  806.4510 1439.0505 1565.9459
            0.300000  0.000000  0.000000
  164.0552  542.9961  773.0669  814.3343 1447.7738 1574.6395
            0.283333  0.000000  0.000000
  147.5203  515.1603  738.8650  821.5844 1456.7673 1581.6613
            0.266667  0.000000  0.000000
  131.5898  486.9676  703.7712  828.2276 1465.7932 1586.9042
            0.250000  0.000000  0.000000
  116.3449  458.4100  667.6635  834.2928 1474.6403 1590.5386
            0.233333  0.000000  0.000000
  101.8628  429.4823  630.3291  839.8107 1483.2144 1592.9862
            0.216667  0.000000  0.000000
   88.2127  400.1902  591.5641  844.8118 1491.5603 1594.7911
            0.200000  0.000000  0.000000
   75.4525  370.5543  551.2656  849.3258 1499.8076 1596.4245
            0.183333  0.000000  0.000000
   63.6261  340.6105  509.4856  853.3808 1508.0596 1598.0874
            0.166667  0.000000  0.000000
   52.7628  310.4065  466.4286  857.0024 1516.2754 1599.5848
            0.150000  0.000000  0.000000
   42.8795  279.9937  422.3946  860.2137 1524.2011 1600.3312
            0.133333  0.000000  0.000000
   33.9840  249.4178  377.6875  863.0351 1531.3891 1599.5034
            0.116667  0.000000  0.000000
   26.0802  218.7095  332.5194  865.4845 1537.3077 1596.3036
            0.100000  0.000000  0.000000
   19.1732  187.8790  286.9511  867.5771 1541.5069 1590.2608
            0.083333  0.000000  0.000000
   13.2727  156.9187  240.8959  869.3261 1543.7806 1581.4802
            0.066667  0.000000  0.000000
    8.3945  125.8121  194.1884  870.7422 1544.2681 1570.7625
            0.050000  0.000000  0.000000
    4.5578   94.5483  146.6875  871.8345 1543.4536 1559.5398
            0.033333  0.000000  0.000000
    1.7722   63.1340   98.3697  872.6097 1542.0551 1549.6208
            0.016667  0.000000  0.000000
   -0.3745   31.6002   49.3761  873.0728 1540.8296 1542.7880
            0.000000  0.000000  0.000000
   -0.0000   -0.0000    0.0000  873.2269 1540.3500 1540.3500
