 &plot nbnd=  28, nks=   105 /
            0.000000  0.000000  0.000000
  -23.763  -11.859   -7.301   -7.301   -0.970   -0.091    1.601    2.520    4.072    4.072
    5.118    6.803    7.158    8.227    9.687   12.378   15.220   18.227   19.084   21.983
   23.951   23.951   25.865   27.338   27.338   29.977   30.209   30.936
            0.012500  0.007217  0.000000
  -23.759  -11.854   -7.316   -7.309   -0.965   -0.085    1.606    2.525    4.074    4.088
    5.123    6.808    7.145    8.233    9.692   12.383   15.225   18.239   19.086   21.988
   23.908   23.916   25.794   27.389   27.412   30.036   30.213   30.536
            0.025000  0.014434  0.000000
  -23.748  -11.841   -7.362   -7.333   -0.950   -0.070    1.621    2.540    4.081    4.137
    5.138    6.823    7.106    8.253    9.707   12.396   15.240   18.276   19.093   22.002
   23.786   23.805   25.638   27.538   27.579   29.871   30.209   30.227
            0.037500  0.021651  0.000000
  -23.729  -11.819   -7.438   -7.373   -0.925   -0.045    1.646    2.565    4.090    4.217
    5.164    6.847    7.041    8.286    9.732   12.418   15.265   18.336   19.102   22.026
   23.604   23.608   25.493   27.757   27.765   29.163   30.007   30.248
            0.050000  0.028868  0.000000
  -23.704  -11.788   -7.543   -7.428   -0.890   -0.010    1.681    2.600    4.103    4.328
    5.201    6.881    6.952    8.332    9.768   12.449   15.299   18.418   19.114   22.060
   23.327   23.378   25.404   27.904   28.050   28.446   29.647   29.959
            0.062500  0.036084  0.000000
  -23.670  -11.749   -7.675   -7.497   -0.845    0.036    1.726    2.645    4.115    4.468
    5.247    6.838    6.925    8.394    9.813   12.488   15.344   18.522   19.125   22.104
   22.985   23.126   25.376   27.728   28.000   28.377   29.261   29.294
            0.075000  0.043301  0.000000
  -23.630  -11.700   -7.833   -7.578   -0.790    0.091    1.782    2.700    4.128    4.638
    5.304    6.701    6.978    8.470    9.868   12.536   15.398   18.645   19.132   22.157
   22.609   22.857   25.394   27.016   27.996   28.631   28.731   28.948
            0.087500  0.050518  0.000000
  -23.582  -11.643   -8.014   -7.671   -0.725    0.157    1.847    2.765    4.137    4.834
    5.370    6.542    7.040    8.563    9.933   12.592   15.462   18.786   19.131   22.221
   22.224   22.580   25.442   26.313   27.632   28.341   28.612   28.862
            0.100000  0.057735  0.000000
  -23.527  -11.577   -8.218   -7.773   -0.650    0.233    1.923    2.840    4.143    5.056
    5.447    6.362    7.113    8.671   10.008   12.656   15.536   18.940   19.114   21.853
   22.295   22.300   25.500   25.619   27.003   28.159   28.284   28.306
            0.112500  0.064952  0.000000
  -23.464  -11.503   -8.441   -7.884   -0.565    0.318    2.008    2.925    4.145    5.302
    5.533    6.161    7.194    8.795   10.094   12.727   15.619   19.071   19.104   21.512
   22.020   22.378   24.939   25.532   26.370   27.457   27.966   28.286
            0.125000  0.072169  0.000000
  -23.395  -11.419   -8.682   -8.003   -0.470    0.414    2.104    3.019    4.140    5.570
    5.629    5.942    7.286    8.935   10.189   12.807   15.711   18.987   19.273   21.221
   21.743   22.472   24.274   25.368   25.924   26.762   27.657   28.178
            0.137500  0.079386  0.000000
  -23.317  -11.328   -8.939   -8.126   -0.365    0.520    2.209    3.124    4.130    5.706
    5.735    5.858    7.386    9.089   10.293   12.893   15.813   18.850   19.441   20.993
   21.470   22.575   23.630   24.835   25.827   26.079   27.358   27.737
            0.150000  0.086603  0.000000
  -23.233  -11.228   -9.209   -8.255   -0.250    0.636    2.325    3.238    4.113    5.454
    5.850    6.166    7.497    9.257   10.408   12.986   15.924   18.657   19.595   20.834
   21.203   22.677   23.024   24.209   25.408   25.764   27.069   27.227
            0.162500  0.093819  0.000000
  -23.141  -11.119   -9.492   -8.386   -0.125    0.761    2.450    3.362    4.090    5.188
    5.975    6.492    7.616    9.437   10.533   13.084   16.045   18.412   19.718   20.735
   20.943   22.407   22.841   23.583   24.754   25.582   26.789   26.824
            0.175000  0.101036  0.000000
  -23.043  -11.002   -9.785   -8.519    0.010    0.897    2.586    3.494    4.062    4.909
    6.110    6.833    7.745    9.628   10.667   13.187   16.174   18.131   19.777   20.675
   20.689   21.902   22.968   22.975   24.120   25.227   26.519   26.571
            0.187500  0.108253  0.000000
  -22.937  -10.877  -10.087   -8.654    0.155    1.042    2.731    3.635    4.030    4.620
    6.254    7.189    7.882    9.827   10.811   13.294   16.312   17.829   19.718   20.444
   20.623   21.499   22.405   23.098   23.529   24.754   26.259   26.405
            0.200000  0.115470  0.000000
  -22.823  -10.744  -10.397   -8.788    0.310    1.198    2.885    3.778    3.993    4.328
    6.409    7.559    8.029   10.032   10.965   13.403   16.459   17.517   19.489   20.207
   20.533   21.235   21.906   22.895   23.326   24.240   26.008   26.210
            0.212500  0.122687  0.000000
  -22.703  -10.713  -10.602   -8.921    0.474    1.362    3.049    3.863    3.953    4.094
    6.573    7.941    8.185   10.241   11.129   13.511   16.615   17.205   19.107   19.978
   20.332   21.055   21.533   22.425   23.479   23.730   25.633   25.767
            0.225000  0.129904  0.000000
  -22.576  -11.034  -10.453   -9.053    0.649    1.536    3.221    3.643    3.913    4.168
    6.747    8.333    8.349   10.451   11.302   13.615   16.778   16.900   18.638   19.759
   19.978   20.819   21.309   22.085   23.254   23.654   25.073   25.536
            0.237500  0.137121  0.000000
  -22.441  -11.359  -10.296   -9.183    0.834    1.717    3.330    3.397    3.876    4.339
    6.930    8.522    8.734   10.659   11.484   13.711   16.607   16.947   18.135   19.524
   19.548   20.443   21.150   21.916   22.849   23.818   24.559   25.315
            0.250000  0.144338  0.000000
  -22.300  -11.686  -10.132   -9.309    1.028    1.904    3.008    3.564    3.856    4.528
    7.124    8.702    9.144   10.861   11.676   13.790   16.332   17.114   17.632   19.033
   19.346   19.968   20.952   21.842   22.558   23.820   24.252   25.103
            0.262500  0.151554  0.000000
  -22.152  -12.016   -9.960   -9.432    1.232    2.082    2.696    3.662    3.915    4.729
    7.327    8.891    9.560   11.052   11.877   13.844   16.081   17.054   17.368   18.538
   19.154   19.451   20.662   21.769   22.398   23.482   24.350   24.901
            0.275000  0.158771  0.000000
  -21.996  -12.347   -9.782   -9.552    1.446    2.143    2.508    3.659    4.085    4.941
    7.540    9.087    9.981   11.226   12.086   13.859   15.861   16.585   17.530   18.060
   18.927   18.971   20.294   21.625   22.337   23.153   24.532   24.619
            0.287500  0.165988  0.000000
  -21.834  -12.679   -9.666   -9.596    1.669    1.899    2.630    3.623    4.297    5.162
    7.762    9.290   10.406   11.376   12.304   13.820   15.675   16.113   17.610   17.716
   18.415   18.798   19.890   21.368   22.313   22.933   24.285   24.525
            0.300000  0.173205  0.000000
  -21.665  -13.010   -9.776   -9.405    1.572    1.902    2.845    3.581    4.528    5.394
    7.995    9.499   10.832   11.491   12.530   13.717   15.518   15.666   17.203   17.784
   18.042   18.634   19.479   21.011   22.268   22.811   24.004   24.351
            0.312500  0.180422  0.000000
  -21.490  -13.341   -9.880   -9.207    1.232    2.144    3.082    3.537    4.771    5.635
    8.237    9.714   11.259   11.557   12.764   13.550   15.255   15.368   16.857   17.370
   18.178   18.480   19.085   20.597   22.148   22.741   23.823   24.187
            0.325000  0.187639  0.000000
  -21.308  -13.670   -9.980   -9.004    0.888    2.395    3.333    3.495    5.026    5.885
    8.488    9.932   11.560   11.684   13.005   13.325   14.884   15.194   16.586   16.917
   18.336   18.381   18.725   20.165   21.930   22.685   23.762   24.033
            0.337500  0.194856  0.000000
  -21.119  -13.997  -10.073   -8.796    0.545    2.653    3.457    3.596    5.291    6.144
    8.749   10.151   11.487   12.105   13.055   13.254   14.554   14.972   16.389   16.499
   18.202   18.417   18.583   19.742   21.634   22.615   23.799   23.887
            0.350000  0.202073  0.000000
  -20.924  -14.322  -10.160   -8.585    0.205    2.914    3.426    3.868    5.566    6.412
    9.019   10.368   11.332   12.519   12.754   13.508   14.254   14.706   16.134   16.235
   18.077   18.178   18.741   19.376   21.297   22.510   23.751   23.895
            0.362500  0.209289  0.000000
  -20.723  -14.643  -10.241   -8.370   -0.130    3.155    3.429    4.151    5.852    6.690
    9.298   10.574   11.102   12.435   12.923   13.748   13.978   14.410   15.834   16.087
   17.962   18.018   18.679   19.251   20.952   22.353   23.624   23.856
            0.375000  0.216506  0.000000
  -20.516  -14.961  -10.315   -8.154   -0.458    3.262    3.576    4.444    6.147    6.975
    9.586   10.753   10.811   12.121   13.315   13.608   14.068   14.101   15.601   15.925
   17.858   17.932   18.382   19.387   20.620   22.135   23.506   23.639
            0.387500  0.223723  0.000000
  -20.304  -15.275  -10.383   -7.938   -0.777    3.258    3.847    4.746    6.453    7.269
    9.881   10.476   10.858   11.860   13.265   13.691   13.788   14.334   15.418   15.748
   17.763   17.898   18.066   19.571   20.322   21.870   23.398   23.489
            0.400000  0.230940  0.000000
  -20.086  -15.584  -10.444   -7.724   -1.084    3.237    4.148    5.058    6.768    7.570
   10.084   10.213   10.797   11.741   12.887   13.478   14.047   14.605   15.260   15.568
   17.678   17.791   17.879   19.745   20.081   21.587   23.299   23.393
            0.412500  0.238157  0.000000
  -19.864  -15.887  -10.498   -7.515   -1.377    3.213    4.464    5.378    7.093    7.878
    9.717   10.508   10.552   11.770   12.489   13.187   14.379   14.838   15.130   15.396
   17.574   17.603   17.843   19.875   19.918   21.327   23.209   23.337
            0.425000  0.245374  0.000000
  -19.638  -16.183  -10.546   -7.314   -1.651    3.191    4.791    5.708    7.427    8.190
    9.323   10.217   10.829   11.823   12.079   12.947   14.681   14.789   15.241   15.249
   17.422   17.538   17.763   19.850   19.916   21.143   23.130   23.313
            0.437500  0.252591  0.000000
  -19.410  -16.471  -10.586   -7.125   -1.902    3.172    5.127    6.046    7.770    8.504
    8.923    9.853   11.157   11.665   11.784   12.817   14.551   14.950   15.107   15.512
   17.324   17.483   17.639   19.835   19.873   21.074   23.061   23.214
            0.450000  0.259808  0.000000
  -19.182  -16.748  -10.619   -6.955   -2.123    3.156    5.472    6.392    8.121    8.524
    8.799    9.500   11.243   11.501   11.606   12.821   14.261   14.996   15.179   15.783
   17.265   17.438   17.489   19.660   19.965   21.099   22.928   23.003
            0.462500  0.267024  0.000000
  -18.960  -17.008  -10.644   -6.811   -2.307    3.143    5.827    6.745    8.115    8.492
    8.904    9.336   10.833   11.337   11.841   12.898   13.941   14.910   15.363   16.042
   17.223   17.339   17.402   19.453   20.095   21.161   22.661   22.956
            0.475000  0.274241  0.000000
  -18.756  -17.240  -10.663   -6.699   -2.447    3.134    6.189    7.104    7.723    8.611
    8.860    9.568   10.426   11.034   12.189   12.985   13.603   14.847   15.499   16.271
   17.184   17.212   17.377   19.268   20.231   21.221   22.435   22.923
            0.487500  0.281458  0.000000
  -18.596  -17.417  -10.674   -6.629   -2.535    3.128    6.556    7.335    7.464    8.251
    9.239    9.853   10.024   10.739   12.540   13.050   13.256   14.809   15.581   16.441
   17.128   17.144   17.362   19.139   20.338   21.261   22.277   22.902
            0.500000  0.288675  0.000000
  -18.530  -17.488  -10.677   -6.604   -2.565    3.126    6.865    7.019    7.737    7.975
    9.603    9.652   10.016   10.575   12.847   12.949   13.073   14.797   15.609   16.508
   17.098   17.123   17.357   19.093   20.379   21.276   22.219   22.895
            0.506944  0.276647  0.000000
  -18.527  -17.485  -10.693   -6.600   -2.566    3.147    6.869    7.023    7.737    7.980
    9.607    9.656   10.013   10.579   12.848   12.952   13.057   14.801   15.582   16.539
   16.941   17.124   17.542   19.098   20.384   21.260   22.227   22.579
            0.513889  0.264619  0.000000
  -18.518  -17.476  -10.739   -6.588   -2.569    3.209    6.881    7.036    7.737    7.994
    9.620    9.669   10.005   10.593   12.852   12.963   13.010   14.815   15.512   16.622
   16.731   17.128   17.832   19.114   20.397   21.204   22.044   22.246
            0.520833  0.252591  0.000000
  -18.504  -17.462  -10.814   -6.567   -2.575    3.312    6.901    7.058    7.736    8.017
    9.640    9.691    9.990   10.617   12.857   12.938   12.981   14.838   15.415   16.549
   16.740   17.132   18.138   19.141   20.419   21.053   21.547   22.246
            0.527778  0.240563  0.000000
  -18.483  -17.442  -10.918   -6.538   -2.582    3.454    6.929    7.087    7.732    8.050
    9.669    9.722    9.970   10.650   12.847   12.862   13.007   14.870   15.308   16.402
   16.879   17.138   18.441   19.178   20.450   20.655   21.269   22.068
            0.534722  0.228534  0.000000
  -18.457  -17.416  -11.048   -6.500   -2.592    3.632    6.965    7.126    7.724    8.093
    9.705    9.761    9.943   10.692   12.745   12.868   13.039   14.911   15.200   16.288
   17.029   17.144   18.718   19.224   20.105   20.490   21.124   21.623
            0.541667  0.216506  0.000000
  -18.425  -17.385  -11.203   -6.454   -2.606    3.844    7.009    7.172    7.711    8.144
    9.750    9.809    9.911   10.743   12.643   12.873   13.078   14.962   15.097   16.205
   17.148   17.188   18.942   19.280   19.528   20.538   20.987   21.126
            0.548611  0.204478  0.000000
  -18.387  -17.348  -11.378   -6.400   -2.623    4.088    7.060    7.227    7.688    8.205
    9.802    9.866    9.875   10.804   12.550   12.874   13.123   15.004   15.021   16.147
   17.148   17.351   18.950   19.063   19.345   20.595   20.682   20.828
            0.555556  0.192450  0.000000
  -18.343  -17.306  -11.573   -6.338   -2.645    4.360    7.118    7.290    7.654    8.276
    9.840    9.862    9.931   10.874   12.472   12.871   13.174   14.924   15.090   16.108
   17.138   17.518   18.381   19.008   19.417   20.358   20.608   20.661
            0.562500  0.180422  0.000000
  -18.293  -17.259  -11.784   -6.268   -2.672    4.658    7.184    7.362    7.604    8.355
    9.808    9.928   10.004   10.953   12.415   12.862   13.230   14.862   15.168   16.081
   17.109   17.687   17.833   18.745   19.496   20.170   20.245   20.736
            0.569444  0.168394  0.000000
  -18.238  -17.207  -12.009   -6.189   -2.705    4.978    7.257    7.441    7.539    8.444
    9.787   10.002   10.085   11.042   12.380   12.845   13.291   14.820   15.255   16.057
   16.993   17.369   17.859   18.355   19.582   19.752   20.016   20.595
            0.576389  0.156366  0.000000
  -18.176  -17.151  -12.245   -6.102   -2.745    5.317    7.337    7.456    7.528    8.543
    9.780   10.082   10.175   11.140   12.369   12.820   13.355   14.800   15.350   16.022
   16.602   17.178   17.927   18.033   19.222   19.671   19.799   20.433
            0.583333  0.144338  0.000000
  -18.109  -17.090  -12.489   -6.007   -2.793    5.671    7.357    7.423    7.623    8.651
    9.791   10.168   10.272   11.247   12.378   12.788   13.422   14.803   15.455   15.953
   16.093   17.099   17.519   18.209   18.688   19.496   19.763   20.299
            0.590278  0.132309  0.000000
  -18.036  -17.027  -12.740   -5.904   -2.850    6.037    7.247    7.516    7.726    8.768
    9.822   10.259   10.377   11.364   12.408   12.750   13.489   14.829   15.570   15.575
   15.814   17.019   17.176   18.167   18.387   19.136   19.857   20.187
            0.597222  0.120281  0.000000
  -17.957  -16.961  -12.995   -5.792   -2.917    6.410    7.128    7.613    7.836    8.894
    9.873   10.353   10.490   11.490   12.453   12.708   13.554   14.877   15.066   15.572
   15.693   16.913   16.929   17.672   18.568   18.757   19.950   20.090
            0.604167  0.108253  0.000000
  -17.872  -16.894  -13.251   -5.673   -2.994    6.786    7.006    7.716    7.954    9.030
    9.943   10.451   10.609   11.625   12.510   12.667   13.610   14.573   14.946   15.237
   15.825   16.735   16.758   17.249   18.396   18.753   19.983   20.041
            0.611111  0.096225  0.000000
  -17.782  -16.827  -13.505   -5.546   -3.083    6.886    7.158    7.822    8.081    9.175
   10.030   10.549   10.734   11.770   12.573   12.631   13.638   14.119   14.848   15.034
   15.965   16.406   16.600   16.985   18.090   18.941   19.791   20.128
            0.618056  0.084197  0.000000
  -17.686  -16.763  -13.754   -5.410   -3.183    6.772    7.516    7.931    8.220    9.330
   10.133   10.647   10.865   11.923   12.604   12.633   13.488   13.852   14.445   15.139
   15.973   16.115   16.396   16.841   17.876   19.133   19.453   20.208
            0.625000  0.072169  0.000000
  -17.584  -16.705  -13.992   -5.267   -3.297    6.668    7.844    8.041    8.377    9.494
   10.250   10.742   10.999   12.086   12.591   12.670   13.101   13.832   14.065   15.260
   15.521   16.119   16.274   16.743   17.763   19.039   19.330   20.281
            0.631944  0.060141  0.000000
  -17.476  -16.658  -14.215   -5.116   -3.423    6.578    8.120    8.152    8.561    9.667
   10.377   10.832   11.135   12.258   12.597   12.643   12.696   13.755   13.838   15.082
   15.396   15.788   16.441   16.671   17.724   18.611   19.532   20.237
            0.638889  0.048113  0.000000
  -17.363  -16.628  -14.415   -4.957   -3.563    6.502    8.261    8.329    8.772    9.849
   10.511   10.916   11.267   12.326   12.440   12.493   12.627   13.573   13.816   14.683
   15.433   15.546   16.618   16.620   17.723   18.197   19.739   19.923
            0.645833  0.036084  0.000000
  -17.243  -16.625  -14.583   -4.790   -3.715    6.443    8.365    8.481    8.976   10.041
   10.644   10.995   11.375   12.026   12.225   12.630   12.682   13.515   13.718   14.377
   15.085   15.708   16.582   16.802   17.723   17.813   19.635   19.950
            0.652778  0.024056  0.000000
  -17.119  -16.658  -14.708   -4.616   -3.880    6.402    8.462    8.588    9.131   10.241
   10.758   11.070   11.401   11.865   11.914   12.766   12.830   13.497   13.497   14.224
   14.781   15.882   16.536   16.996   17.490   17.688   19.404   20.163
            0.659722  0.012028  0.000000
  -16.988  -16.733  -14.784   -4.434   -4.057    6.377    8.550    8.644    9.214   10.451
   10.799   11.145   11.318   11.654   11.868   12.877   13.038   13.225   13.429   14.177
   14.576   16.067   16.438   17.198   17.280   17.587   19.259   20.352
            0.666667  0.000000  0.000000
  -16.852  -16.852  -14.808   -4.245   -4.245    6.369    8.624    8.624    9.233   10.671
   10.671   11.225   11.225   11.560   11.897   13.013   13.013   13.256   13.256   14.170
   14.510   16.262   16.262   17.216   17.408   17.408   19.214   20.408
            0.650000  0.000000  0.000000
  -17.044  -16.681  -14.777   -4.484   -4.008    6.380    8.468    8.694    9.223   10.321
   10.946   11.117   11.335   11.635   11.844   12.948   12.952   13.208   13.529   14.166
   14.575   16.026   16.510   17.115   17.278   17.671   19.265   20.323
            0.633333  0.000000  0.000000
  -17.276  -16.502  -14.694   -4.735   -3.760    6.407    8.183    8.738    9.202    9.904
   10.917   11.234   11.466   11.729   11.786   12.664   13.047   13.432   13.815   14.133
   14.712   15.867   16.769   16.788   17.416   17.946   19.386   19.932
            0.616667  0.000000  0.000000
  -17.533  -16.315  -14.573   -4.998   -3.503    6.445    7.824    8.756    9.154    9.481
   10.589   11.535   11.625   11.652   11.831   12.570   13.157   13.681   14.083   14.114
   14.855   15.840   16.481   17.040   17.586   18.233   19.535   19.579
            0.600000  0.000000  0.000000
  -17.806  -16.120  -14.424   -5.269   -3.235    6.483    7.428    8.749    9.066    9.079
   10.194   11.368   11.814   11.849   11.959   12.704   13.125   13.951   14.127   14.426
   14.936   15.921   16.263   17.318   17.753   18.530   19.307   19.676
            0.583333  0.000000  0.000000
  -18.087  -15.917  -14.254   -5.547   -2.957    6.504    7.016    8.714    8.720    8.935
    9.777   11.010   12.030   12.132   12.176   12.921   12.936   14.241   14.317   14.750
   14.878   16.040   16.215   17.598   17.885   18.838   19.173   19.762
            0.566667  0.000000  0.000000
  -18.371  -15.706  -14.068   -5.831   -2.670    6.484    6.600    8.406    8.672    8.763
    9.359   10.647   12.273   12.274   12.515   12.694   13.189   14.547   14.589   14.694
   15.087   16.117   16.339   17.870   17.981   19.156   19.208   19.741
            0.550000  0.000000  0.000000
  -18.654  -15.488  -13.868   -6.117   -2.373    6.185    6.394    8.174    8.548    8.609
    8.959   10.305   12.110   12.540   12.766   12.868   13.408   14.494   14.867   14.898
   15.436   16.092   16.563   18.104   18.111   19.377   19.483   19.600
            0.533333  0.000000  0.000000
  -18.936  -15.262  -13.657   -6.406   -2.068    5.776    6.222    8.016    8.279    8.534
    8.599   10.007   11.768   12.827   13.030   13.232   13.478   14.435   15.198   15.213
   15.797   15.968   16.833   18.274   18.297   19.382   19.613   19.624
            0.516667  0.000000  0.000000
  -19.214  -15.028  -13.437   -6.694   -1.754    5.374    5.976    7.898    7.949    8.295
    8.450    9.776   11.399   13.129   13.331   13.343   13.609   14.606   15.433   15.535
   15.871   16.169   17.114   18.304   18.547   19.143   19.698   19.863
            0.500000  0.000000  0.000000
  -19.486  -14.788  -13.209   -6.981   -1.432    4.981    5.681    7.582    7.769    8.029
    8.358    9.636   11.026   13.079   13.441   13.682   13.998   14.906   15.306   15.869
   16.091   16.553   17.371   18.206   18.817   18.937   19.913   20.087
            0.483333  0.000000  0.000000
  -19.753  -14.540  -12.974   -7.266   -1.101    4.599    5.362    7.209    7.594    7.776
    8.261    9.595   10.658   12.807   13.756   14.039   14.398   15.033   15.257   16.181
   16.452   16.949   17.538   18.057   18.841   19.060   20.221   20.267
            0.466667  0.000000  0.000000
  -20.014  -14.285  -12.732   -7.547   -0.764    4.228    5.031    6.839    7.369    7.529
    8.160    9.632   10.296   12.550   14.060   14.381   14.763   14.810   15.629   16.435
   16.847   17.354   17.550   17.946   18.933   19.220   20.431   20.582
            0.450000  0.000000  0.000000
  -20.268  -14.023  -12.485   -7.824   -0.420    3.868    4.698    6.479    7.108    7.286
    8.056    9.713    9.944   12.331   14.330   14.342   14.882   15.233   15.997   16.577
   17.259   17.443   17.770   17.974   19.191   19.249   20.636   20.977
            0.433333  0.000000  0.000000
  -20.514  -13.755  -12.234   -8.095   -0.069    3.520    4.369    6.128    6.827    7.048
    7.950    9.602    9.794   12.173   14.047   14.523   15.274   15.665   16.310   16.617
   17.343   17.681   18.180   18.194   19.159   19.540   20.903   21.396
            0.416667  0.000000  0.000000
  -20.752  -13.480  -11.978   -8.360    0.287    3.184    4.047    5.790    6.538    6.816
    7.842    9.271    9.837   12.102   13.740   14.580   15.696   16.107   16.447   16.676
   17.414   18.103   18.514   18.627   19.003   19.936   21.205   21.836
            0.400000  0.000000  0.000000
  -20.982  -13.200  -11.720   -8.618    0.648    2.861    3.732    5.464    6.248    6.590
    7.732    8.951    9.815   12.133   13.437   14.467   16.133   16.367   16.557   16.849
   17.716   18.457   18.886   18.918   19.067   20.356   21.516   22.294
            0.383333  0.000000  0.000000
  -21.205  -12.913  -11.459   -8.869    1.013    2.550    3.428    5.150    5.962    6.372
    7.620    8.644    9.725   12.261   13.142   14.213   16.200   16.579   17.014   17.139
   18.133   18.439   19.132   19.363   19.512   20.784   21.812   22.768
            0.366667  0.000000  0.000000
  -21.418  -12.622  -11.197   -9.112    1.381    2.252    3.135    4.849    5.682    6.162
    7.506    8.349    9.581   12.462   12.856   13.868   16.020   17.029   17.476   17.513
   18.239   18.597   19.564   19.837   19.961   21.198   22.079   22.782
            0.350000  0.000000  0.000000
  -21.623  -12.326  -10.935   -9.346    1.751    1.967    2.853    4.561    5.410    5.960
    7.390    8.066    9.403   12.581   12.706   13.473   15.858   17.460   17.940   17.941
   18.040   19.087   20.019   20.333   20.412   21.540   22.309   22.720
            0.333333  0.000000  0.000000
  -21.819  -12.025  -10.673   -9.572    1.695    2.123    2.582    4.287    5.149    5.768
    7.270    7.796    9.208   12.317   12.960   13.050   15.738   17.648   18.082   18.404
   18.407   19.590   20.470   20.848   20.863   21.706   22.507   22.860
            0.316667  0.000000  0.000000
  -22.006  -11.721  -10.412   -9.788    1.436    2.324    2.495    4.025    4.898    5.586
    7.147    7.538    9.004   12.065   12.614   13.192   15.684   17.479   18.480   18.864
   18.900   20.096   20.901   21.312   21.380   21.694   22.694   23.215
            0.300000  0.000000  0.000000
  -22.184  -11.414  -10.154   -9.995    1.190    2.079    2.865    3.777    4.658    5.414
    7.018    7.293    8.800   11.825   12.175   13.367   15.723   17.269   18.906   19.313
   19.417   20.572   21.289   21.638   21.760   21.928   22.902   23.682
            0.283333  0.000000  0.000000
  -22.353  -11.105  -10.192   -9.899    0.957    1.846    3.232    3.542    4.430    5.252
    6.884    7.062    8.600   11.597   11.740   13.464   15.874   17.060   19.302   19.746
   19.954   20.905   21.621   21.716   22.208   22.492   23.160   24.129
            0.266667  0.000000  0.000000
  -22.513  -10.795  -10.378   -9.649    0.737    1.626    3.320    3.596    4.215    5.102
    6.741    6.842    8.405   11.316   11.382   13.481   16.132   16.858   19.631   20.156
   20.509   20.962   21.912   22.083   22.661   23.071   23.425   24.024
            0.250000  0.000000  0.000000
  -22.663  -10.554  -10.485   -9.404    0.530    1.419    3.112    3.953    4.011    4.962
    6.588    6.636    8.219   10.909   11.179   13.439   16.474   16.666   19.858   20.537
   20.883   21.081   22.210   22.607   23.125   23.469   23.664   24.227
            0.233333  0.000000  0.000000
  -22.804  -10.720  -10.176   -9.167    0.337    1.226    2.917    3.820    4.302    4.833
    6.424    6.443    8.042   10.523   10.988   13.359   16.484   16.872   19.964   20.780
   20.885   21.669   22.558   23.185   23.340   23.608   24.272   24.683
            0.216667  0.000000  0.000000
  -22.935  -10.875   -9.869   -8.938    0.157    1.045    2.736    3.642    4.641    4.715
    6.248    6.263    7.876   10.164   10.810   13.260   16.314   17.302   19.956   20.687
   21.200   22.271   22.902   23.260   23.788   24.116   24.894   25.224
            0.200000  0.000000  0.000000
  -23.057  -11.019   -9.567   -8.719   -0.010    0.877    2.568    3.477    4.609    4.969
    6.058    6.095    7.720    9.835   10.645   13.152   16.155   17.742   19.864   20.623
   21.485   22.889   22.906   23.590   24.404   24.652   25.530   25.808
            0.183333  0.000000  0.000000
  -23.170  -11.152   -9.272   -8.511   -0.163    0.723    2.413    3.325    4.513    5.282
    5.855    5.941    7.575    9.539   10.493   13.043   16.008   18.164   19.717   20.608
   21.748   22.773   23.521   24.119   25.016   25.218   25.862   26.180
            0.166667  0.000000  0.000000
  -23.272  -11.274   -8.985   -8.315   -0.303    0.582    2.272    3.186    4.428    5.579
    5.640    5.800    7.443    9.277   10.354   12.937   15.873   18.537   19.538   20.672
   21.994   22.637   24.167   24.701   25.495   25.811   25.906   26.843
            0.150000  0.000000  0.000000
  -23.365  -11.385   -8.710   -8.133   -0.430    0.454    2.144    3.059    4.354    5.419
    5.672    5.857    7.322    9.051   10.228   12.837   15.750   18.823   19.343   20.848
   22.231   22.512   24.826   25.316   25.524   26.412   26.431   27.520
            0.133333  0.000000  0.000000
  -23.448  -11.484   -8.449   -7.966   -0.543    0.340    2.030    2.946    4.289    5.194
    5.556    6.114    7.214    8.857   10.115   12.744   15.640   19.002   19.145   21.150
   22.400   22.464   25.452   25.499   25.954   27.017   27.073   28.210
            0.116667  0.000000  0.000000
  -23.522  -11.571   -8.205   -7.816   -0.643    0.239    1.929    2.847    4.235    4.973
    5.454    6.348    7.118    8.695   10.015   12.661   15.542   18.953   19.091   21.556
   22.301   22.696   25.385   26.184   26.611   27.562   27.735   28.759
            0.100000  0.000000  0.000000
  -23.586  -11.647   -7.983   -7.683   -0.730    0.152    1.842    2.760    4.189    4.762
    5.366    6.555    7.035    8.562    9.928   12.587   15.457   18.775   19.125   22.022
   22.216   22.929   25.338   26.881   27.283   27.907   28.415   29.080
            0.083333  0.000000  0.000000
  -23.640  -11.712   -7.786   -7.568   -0.803    0.078    1.768    2.687    4.151    4.569
    5.290    6.735    6.964    8.454    9.855   12.524   15.385   18.616   19.129   22.144
   22.511   23.163   25.321   27.590   27.966   28.003   28.689   29.115
            0.066667  0.000000  0.000000
  -23.684  -11.765   -7.617   -7.473   -0.863    0.017    1.708    2.627    4.122    4.400
    5.228    6.885    6.907    8.369    9.794   12.472   15.326   18.480   19.120   22.086
   22.983   23.390   25.347   27.955   28.271   28.310   28.656   29.821
            0.050000  0.000000  0.000000
  -23.718  -11.806   -7.482   -7.398   -0.910   -0.030    1.661    2.580    4.100    4.261
    5.180    6.861    7.003    8.306    9.747   12.431   15.279   18.371   19.107   22.041
   23.396   23.603   25.432   27.824   27.900   29.036   29.344   30.264
            0.033333  0.000000  0.000000
  -23.743  -11.835   -7.382   -7.344   -0.943   -0.064    1.627    2.547    4.084    4.157
    5.145    6.829    7.089    8.261    9.714   12.402   15.246   18.292   19.095   22.009
   23.708   23.782   25.587   27.603   27.634   29.764   30.013   30.236
            0.016667  0.000000  0.000000
  -23.758  -11.853   -7.321   -7.311   -0.963   -0.084    1.607    2.527    4.075    4.094
    5.124    6.810    7.140    8.235    9.694   12.384   15.226   18.243   19.087   21.989
   23.892   23.906   25.772   27.407   27.434   30.055   30.214   30.469
            0.000000  0.000000  0.000000
  -23.763  -11.859   -7.301   -7.301   -0.970   -0.091    1.601    2.520    4.072    4.072
    5.118    6.803    7.158    8.227    9.687   12.378   15.220   18.227   19.084   21.983
   23.951   23.951   25.865   27.338   27.338   29.977   30.209   30.936
